0 0.15144230769230768 0.7271634615384616 0.08052884615384616 0.4206730769230769
0 0.3329326923076923 0.7572115384615384 0.0625 0.109375
0 0.5108173076923077 0.7668269230769231 0.08052884615384616 0.0829326923076923
0 0.34134615384615385 0.1971153846153846 0.08653846153846154 0.1778846153846154
0 0.7860576923076923 0.21754807692307693 0.13942307692307693 0.09735576923076923
0 0.5108173076923077 0.39783653846153844 0.07451923076923077 0.17427884615384615
0 0.7992788461538461 0.4375 0.3004807692307692 0.22596153846153846
0 0.36899038461538464 0.4879807692307692 0.13581730769230768 0.07932692307692307
0 0.7860576923076923 0.5961538461538461 0.055288461538461536 0.054086538461538464
0 0.5336538461538461 0.6237980769230769 0.056490384615384616 0.06129807692307692
0 0.5336538461538461 0.6237980769230769 0.054086538461538464 0.057692307692307696