0 0.49759615384615385 0.7007211538461539 0.06971153846153846 0.1814903846153846
0 0.38221153846153844 0.7548076923076923 0.055288461538461536 0.1778846153846154
0 0.5625 0.7908653846153846 0.3713942307692308 0.18990384615384615
0 0.46153846153846156 0.15504807692307693 0.13822115384615385 0.11778846153846154
0 0.4098557692307692 0.21514423076923078 0.32091346153846156 0.0985576923076923
0 0.40865384615384615 0.27163461538461536 0.16826923076923078 0.10336538461538461
0 0.2608173076923077 0.31009615384615385 0.3798076923076923 0.5324519230769231
0 0.43028846153846156 0.3293269230769231 0.3112980769230769 0.19951923076923078
0 0.34134615384615385 0.5072115384615384 0.14903846153846154 0.15625
0 0.26802884615384615 0.5252403846153846 0.20432692307692307 0.6526442307692307
0 0.6213942307692307 0.5480769230769231 0.07692307692307693 0.21634615384615385
0 0.4735576923076923 0.5612980769230769 0.125 0.21514423076923078
0 0.5348557692307693 0.6586538461538461 0.12980769230769232 0.49278846153846156