0 0.41346153846153844 0.7043269230769231 0.16346153846153846 0.4026442307692308
0 0.5348557692307693 0.7896634615384616 0.08173076923076923 0.2091346153846154
0 0.4074519230769231 0.14543269230769232 0.36899038461538464 0.203125
0 0.5949519230769231 0.15985576923076922 0.0733173076923077 0.1814903846153846
0 0.28846153846153844 0.22596153846153846 0.09375 0.17067307692307693
0 0.5228365384615384 0.27524038461538464 0.31971153846153844 0.11538461538461539
0 0.7103365384615384 0.3269230769230769 0.16346153846153846 0.109375
0 0.24278846153846154 0.3329326923076923 0.08052884615384616 0.2439903846153846
0 0.32091346153846156 0.35697115384615385 0.12620192307692307 0.15504807692307693
0 0.2439903846153846 0.45913461538461536 0.24158653846153846 0.6310096153846154
0 0.5997596153846154 0.5024038461538461 0.11298076923076923 0.140625
0 0.14903846153846154 0.5240384615384616 0.2980769230769231 0.49038461538461536
0 0.7896634615384616 0.5348557692307693 0.32572115384615385 0.5612980769230769
0 0.47115384615384615 0.5985576923076923 0.10096153846153846 0.23918269230769232