0 0.44471153846153844 0.6959134615384616 0.109375 0.2127403846153846
0 0.6634615384615384 0.7415865384615384 0.10096153846153846 0.16826923076923078
0 0.7560096153846154 0.7487980769230769 0.08653846153846154 0.2091346153846154
0 0.8161057692307693 0.11177884615384616 0.13942307692307693 0.12259615384615384
0 0.3701923076923077 0.1466346153846154 0.1622596153846154 0.15504807692307693
0 0.5600961538461539 0.2283653846153846 0.3245192307692308 0.11538461538461539
0 0.8257211538461539 0.28365384615384615 0.15504807692307693 0.14543269230769232
0 0.5288461538461539 0.4050480769230769 0.0625 0.06850961538461539
0 0.44591346153846156 0.43990384615384615 0.43028846153846156 0.42427884615384615
0 0.5685096153846154 0.5625 0.11298076923076923 0.13581730769230768
0 0.6117788461538461 0.5877403846153846 0.15985576923076922 0.49759615384615385
0 0.703125 0.0625 0.046875 0.11538461538461539