0 0.23076923076923078 0.7548076923076923 0.07932692307692307 0.22956730769230768
0 0.4963942307692308 0.7668269230769231 0.10576923076923077 0.17548076923076922
0 0.09735576923076923 0.7764423076923077 0.07572115384615384 0.2247596153846154
0 0.28725961538461536 0.15745192307692307 0.05048076923076923 0.06009615384615385
0 0.6009615384615384 0.21995192307692307 0.12860576923076922 0.4074519230769231
0 0.36658653846153844 0.2956730769230769 0.07451923076923077 0.19110576923076922
0 0.19951923076923078 0.35697115384615385 0.03485576923076923 0.10576923076923077
0 0.45913461538461536 0.4110576923076923 0.046875 0.0733173076923077
0 0.4182692307692308 0.4855769230769231 0.07451923076923077 0.09495192307692307
0 0.18509615384615385 0.5612980769230769 0.3701923076923077 0.19471153846153846
0 0.5120192307692307 0.5949519230769231 0.5060096153846154 0.22115384615384615