0 0.5492788461538461 0.7175480769230769 0.31009615384615385 0.09134615384615384
0 0.7788461538461539 0.7584134615384616 0.09254807692307693 0.17548076923076922
0 0.47836538461538464 0.8317307692307693 0.05048076923076923 0.17307692307692307
0 0.6682692307692307 0.84375 0.3737980769230769 0.17307692307692307
0 0.6466346153846154 0.20673076923076922 0.11538461538461539 0.20072115384615385
0 0.6538461538461539 0.28725961538461536 0.14903846153846154 0.4026442307692308
0 0.6045673076923077 0.390625 0.09134615384615384 0.21634615384615385
0 0.3786057692307692 0.49038461538461536 0.2704326923076923 0.4206730769230769
0 0.4699519230769231 0.49038461538461536 0.1045673076923077 0.14543269230769232
0 0.3449519230769231 0.5240384615384616 0.2692307692307692 0.6057692307692307
0 0.8221153846153846 0.5276442307692307 0.234375 0.6237980769230769
0 0.8197115384615384 0.6538461538461539 0.08533653846153846 0.20673076923076922
0 0.765625 0.6598557692307693 0.13341346153846154 0.12259615384615384
0 0.359375 0.6742788461538461 0.15865384615384615 0.1201923076923077