0 0.3449519230769231 0.7163461538461539 0.13581730769230768 0.07091346153846154
0 0.39663461538461536 0.20192307692307693 0.06009615384615385 0.06971153846153846
0 0.4567307692307692 0.2247596153846154 0.10576923076923077 0.21514423076923078
0 0.6370192307692307 0.3245192307692308 0.2980769230769231 0.23317307692307693
0 0.515625 0.3786057692307692 0.13942307692307693 0.18269230769230768
0 0.6237980769230769 0.421875 0.0889423076923077 0.07091346153846154
0 0.8329326923076923 0.42427884615384615 0.04447115384615385 0.11057692307692307
0 0.15865384615384615 0.4675480769230769 0.13822115384615385 0.11298076923076923
0 0.41586538461538464 0.49038461538461536 0.31850961538461536 0.5853365384615384
0 0.546875 0.5216346153846154 0.05889423076923077 0.06370192307692307
0 0.7151442307692307 0.6117788461538461 0.3870192307692308 0.09495192307692307