0 0.5504807692307693 0.7007211538461539 0.3737980769230769 0.15865384615384615
0 0.46033653846153844 0.8653846153846154 0.078125 0.17067307692307693
0 0.2860576923076923 0.8762019230769231 0.04447115384615385 0.06610576923076923
0 0.29086538461538464 0.14903846153846154 0.08052884615384616 0.06490384615384616
0 0.37740384615384615 0.15264423076923078 0.15985576923076922 0.11057692307692307
0 0.21754807692307693 0.32572115384615385 0.07932692307692307 0.16826923076923078
0 0.7740384615384616 0.359375 0.3173076923076923 0.09615384615384616
0 0.5745192307692307 0.4074519230769231 0.5084134615384616 0.10096153846153846
0 0.23076923076923078 0.4879807692307692 0.06850961538461539 0.09735576923076923
0 0.6141826923076923 0.5805288461538461 0.04326923076923077 0.054086538461538464
0 0.27524038461538464 0.6730769230769231 0.10817307692307693 0.20673076923076922