0 0.7632211538461539 0.7247596153846154 0.32091346153846156 0.3425480769230769
0 0.6189903846153846 0.8149038461538461 0.3161057692307692 0.12620192307692307
0 0.44471153846153844 0.8293269230769231 0.1045673076923077 0.1935096153846154
0 0.6105769230769231 0.9002403846153846 0.140625 0.06129807692307692
0 0.4362980769230769 0.15865384615384615 0.48197115384615385 0.30408653846153844
0 0.7560096153846154 0.25240384615384615 0.1346153846153846 0.14423076923076922
0 0.5168269230769231 0.2620192307692308 0.32211538461538464 0.09615384615384616
0 0.42908653846153844 0.3942307692307692 0.1201923076923077 0.12259615384615384
0 0.5168269230769231 0.41586538461538464 0.16105769230769232 0.13221153846153846
0 0.18389423076923078 0.46875 0.16346153846153846 0.15384615384615385
0 0.8088942307692307 0.5685096153846154 0.3425480769230769 0.3004807692307692
0 0.5024038461538461 0.6574519230769231 0.15745192307692307 0.15504807692307693
0 0.35697115384615385 0.6610576923076923 0.08533653846153846 0.6754807692307693
0 0.2956730769230769 0.6814903846153846 0.09134615384615384 0.17668269230769232