0 0.22956730769230768 0.8617788461538461 0.3641826923076923 0.24759615384615385
0 0.515625 0.8653846153846154 0.09014423076923077 0.171875
0 0.3545673076923077 0.8882211538461539 0.0889423076923077 0.21634615384615385
0 0.18389423076923078 0.19951923076923078 0.06610576923076923 0.17307692307692307
0 0.5336538461538461 0.2091346153846154 0.43509615384615385 0.41346153846153844
0 0.3161057692307692 0.23677884615384615 0.15985576923076922 0.10817307692307693
0 0.7740384615384616 0.30649038461538464 0.171875 0.3918269230769231
0 0.4735576923076923 0.3701923076923077 0.171875 0.10817307692307693
0 0.296875 0.5024038461538461 0.13341346153846154 0.078125
0 0.5889423076923077 0.5216346153846154 0.0889423076923077 0.20673076923076922
0 0.15985576923076922 0.5384615384615384 0.31971153846153844 0.5769230769230769
0 0.4567307692307692 0.5673076923076923 0.09735576923076923 0.17668269230769232
0 0.6622596153846154 0.6310096153846154 0.18629807692307693 0.3786057692307692
0 0.33653846153846156 0.6682692307692307 0.375 0.13942307692307693