0 0.5444711538461539 0.7223557692307693 0.27283653846153844 0.2800480769230769
0 0.21995192307692307 0.7776442307692307 0.06370192307692307 0.21754807692307693
0 0.49038461538461536 0.8425480769230769 0.1141826923076923 0.1658653846153846
0 0.5300480769230769 0.19951923076923078 0.32211538461538464 0.3401442307692308
0 0.40625 0.2247596153846154 0.11658653846153846 0.18629807692307693
0 0.45072115384615385 0.2247596153846154 0.13701923076923078 0.16105769230769232
0 0.6009615384615384 0.234375 0.11177884615384616 0.14182692307692307
0 0.46274038461538464 0.30649038461538464 0.3545673076923077 0.27524038461538464
0 0.18509615384615385 0.35697115384615385 0.13701923076923078 0.12379807692307693
0 0.7271634615384616 0.5300480769230769 0.12740384615384615 0.06850961538461539
0 0.5805288461538461 0.5492788461538461 0.3786057692307692 0.5108173076923077
0 0.3870192307692308 0.5757211538461539 0.09014423076923077 0.21394230769230768
0 0.1310096153846154 0.5769230769230769 0.19230769230769232 0.38461538461538464
0 0.296875 0.5793269230769231 0.10216346153846154 0.6730769230769231