0 0.8557692307692307 0.12860576923076922 0.1346153846153846 0.17307692307692307
0 0.5096153846153846 0.14302884615384615 0.3786057692307692 0.10096153846153846
0 0.7319711538461539 0.14783653846153846 0.09975961538461539 0.17067307692307693
0 0.5721153846153846 0.15865384615384615 0.054086538461538464 0.06129807692307692
0 0.33774038461538464 0.27163461538461536 0.15865384615384615 0.08173076923076923
0 0.37740384615384615 0.34134615384615385 0.1622596153846154 0.1141826923076923
0 0.4807692307692308 0.3786057692307692 0.12860576923076922 0.11899038461538461
0 0.8377403846153846 0.3954326923076923 0.2692307692307692 0.2824519230769231
0 0.6670673076923077 0.43028846153846156 0.03365384615384615 0.10576923076923077
0 0.546875 0.4326923076923077 0.30649038461538464 0.5793269230769231
0 0.3004807692307692 0.6237980769230769 0.16466346153846154 0.109375
0 0.5913461538461539 0.640625 0.05048076923076923 0.17668269230769232