0 0.7427884615384616 0.7536057692307693 0.0829326923076923 0.10096153846153846
0 0.6334134615384616 0.7560096153846154 0.15625 0.16706730769230768
0 0.47115384615384615 0.7572115384615384 0.1045673076923077 0.17668269230769232
0 0.5709134615384616 0.25600961538461536 0.375 0.11658653846153846
0 0.828125 0.2608173076923077 0.16346153846153846 0.10336538461538461
0 0.36177884615384615 0.34375 0.10216346153846154 0.22596153846153846
0 0.6622596153846154 0.4831730769230769 0.2644230769230769 0.2980769230769231
0 0.6033653846153846 0.5252403846153846 0.46274038461538464 0.3870192307692308
0 0.5132211538461539 0.5709134615384616 0.125 0.17307692307692307
0 0.8293269230769231 0.5745192307692307 0.11778846153846154 0.1971153846153846
0 0.4411057692307692 0.6189903846153846 0.12860576923076922 0.13701923076923078
0 0.7235576923076923 0.6778846153846154 0.055288461538461536 0.0733173076923077