0 0.33052884615384615 0.7367788461538461 0.3786057692307692 0.11899038461538461
0 0.3557692307692308 0.8245192307692307 0.1310096153846154 0.11778846153846154
0 0.3473557692307692 0.21033653846153846 0.1346153846153846 0.11057692307692307
0 0.5961538461538461 0.3112980769230769 0.3557692307692308 0.5516826923076923
0 0.22355769230769232 0.3125 0.3173076923076923 0.14182692307692307
0 0.30528846153846156 0.44711538461538464 0.12139423076923077 0.11298076923076923
0 0.3870192307692308 0.46634615384615385 0.06610576923076923 0.21033653846153846
0 0.6598557692307693 0.46875 0.3798076923076923 0.11298076923076923
0 0.30528846153846156 0.5 0.13822115384615385 0.16706730769230768
0 0.44350961538461536 0.515625 0.09014423076923077 0.16346153846153846
0 0.20192307692307693 0.5396634615384616 0.09735576923076923 0.21995192307692307
0 0.5396634615384616 0.5877403846153846 0.109375 0.21153846153846154
0 0.6346153846153846 0.6706730769230769 0.234375 0.3425480769230769