0 0.5348557692307693 0.7103365384615384 0.08413461538461539 0.15264423076923078
0 0.5865384615384616 0.7295673076923077 0.038461538461538464 0.06009615384615385
0 0.6622596153846154 0.7992788461538461 0.0733173076923077 0.17067307692307693
0 0.6682692307692307 0.9278846153846154 0.07451923076923077 0.052884615384615384
0 0.5096153846153846 0.2692307692307692 0.08052884615384616 0.21634615384615385
0 0.6706730769230769 0.33774038461538464 0.0673076923076923 0.6634615384615384
0 0.8377403846153846 0.35336538461538464 0.078125 0.07211538461538461
0 0.8040865384615384 0.4483173076923077 0.04447115384615385 0.05889423076923077
0 0.828125 0.5697115384615384 0.06610576923076923 0.20793269230769232
0 0.42788461538461536 0.6682692307692307 0.14302884615384615 0.49278846153846156
0 0.8990384615384616 0.6766826923076923 0.0889423076923077 0.42788461538461536