0 0.19591346153846154 0.6971153846153846 0.1346153846153846 0.1971153846153846
0 0.5661057692307693 0.7584134615384616 0.12139423076923077 0.15745192307692307
0 0.46033653846153844 0.7752403846153846 0.10576923076923077 0.13221153846153846
0 0.6430288461538461 0.2932692307692308 0.15625 0.1622596153846154
0 0.41947115384615385 0.2932692307692308 0.21514423076923078 0.4651442307692308
0 0.5516826923076923 0.31490384615384615 0.055288461538461536 0.10336538461538461
0 0.18990384615384615 0.38461538461538464 0.1466346153846154 0.1045673076923077
0 0.13581730769230768 0.4338942307692308 0.16466346153846154 0.12139423076923077
0 0.5805288461538461 0.4855769230769231 0.13942307692307693 0.171875
0 0.2860576923076923 0.5276442307692307 0.054086538461538464 0.06971153846153846
0 0.31009615384615385 0.5793269230769231 0.3269230769230769 0.5697115384615384
0 0.6141826923076923 0.6334134615384616 0.3125 0.15384615384615385