0 0.23557692307692307 0.7151442307692307 0.1622596153846154 0.11778846153846154
0 0.5564903846153846 0.890625 0.37740384615384615 0.10817307692307693
0 0.47115384615384615 0.20673076923076922 0.13822115384615385 0.12139423076923077
0 0.4639423076923077 0.27524038461538464 0.16346153846153846 0.09014423076923077
0 0.4014423076923077 0.3137019230769231 0.0829326923076923 0.06370192307692307
0 0.4375 0.34975961538461536 0.051682692307692304 0.0625
0 0.7776442307692307 0.4639423076923077 0.13221153846153846 0.10817307692307693
0 0.75 0.4879807692307692 0.15865384615384615 0.11778846153846154
0 0.38822115384615385 0.5204326923076923 0.1045673076923077 0.4230769230769231
0 0.2536057692307692 0.5384615384615384 0.15745192307692307 0.09615384615384616
0 0.7475961538461539 0.5564903846153846 0.109375 0.16346153846153846
0 0.5745192307692307 0.5709134615384616 0.40024038461538464 0.4519230769230769