0 0.8461538461538461 0.6959134615384616 0.13221153846153846 0.49399038461538464
0 0.6971153846153846 0.703125 0.07211538461538461 0.22235576923076922
0 0.28365384615384615 0.7872596153846154 0.12740384615384615 0.20192307692307693
0 0.6033653846153846 0.8197115384615384 0.06971153846153846 0.21514423076923078
0 0.4543269230769231 0.9002403846153846 0.09014423076923077 0.17307692307692307
0 0.7379807692307693 0.12259615384615384 0.13341346153846154 0.11538461538461539
0 0.3786057692307692 0.1310096153846154 0.056490384615384616 0.109375
0 0.48197115384615385 0.24879807692307693 0.07451923076923077 0.21875
0 0.23798076923076922 0.3004807692307692 0.0829326923076923 0.17668269230769232
0 0.31490384615384615 0.39903846153846156 0.21995192307692307 0.35336538461538464
0 0.13822115384615385 0.5144230769230769 0.13942307692307693 0.6694711538461539
0 0.7764423076923077 0.6610576923076923 0.05048076923076923 0.06971153846153846