0 0.6045673076923077 0.7896634615384616 0.12139423076923077 0.15865384615384615
0 0.6730769230769231 0.8269230769230769 0.0625 0.21995192307692307
0 0.4543269230769231 0.09014423076923077 0.17548076923076922 0.10336538461538461
0 0.7992788461538461 0.15504807692307693 0.054086538461538464 0.10817307692307693
0 0.8942307692307693 0.25961538461538464 0.1466346153846154 0.11899038461538461
0 0.6213942307692307 0.27884615384615385 0.328125 0.14302884615384615
0 0.4651442307692308 0.4050480769230769 0.49038461538461536 0.25
0 0.8665865384615384 0.4098557692307692 0.13701923076923078 0.18870192307692307
0 0.5492788461538461 0.4098557692307692 0.054086538461538464 0.06129807692307692
0 0.546875 0.578125 0.12259615384615384 0.09134615384615384
0 0.5829326923076923 0.6045673076923077 0.265625 0.43509615384615385
0 0.4026442307692308 0.6550480769230769 0.14423076923076922 0.18509615384615385