0 0.6225961538461539 0.75 0.09134615384615384 0.17307692307692307
0 0.4266826923076923 0.7860576923076923 0.13822115384615385 0.18990384615384615
0 0.1658653846153846 0.8052884615384616 0.054086538461538464 0.056490384615384616
0 0.49278846153846156 0.8088942307692307 0.09134615384615384 0.0673076923076923
0 0.4170673076923077 0.26802884615384615 0.11298076923076923 0.14903846153846154
0 0.5805288461538461 0.27524038461538464 0.17307692307692307 0.07451923076923077
0 0.3485576923076923 0.3581730769230769 0.05889423076923077 0.06850961538461539
0 0.5889423076923077 0.5817307692307693 0.3389423076923077 0.3233173076923077
0 0.2776442307692308 0.6370192307692307 0.09975961538461539 0.6778846153846154
0 0.5276442307692307 0.6742788461538461 0.06971153846153846 0.10576923076923077
0 0.1814903846153846 0.6850961538461539 0.20072115384615385 0.38341346153846156