0 0.8161057692307693 0.7175480769230769 0.12379807692307693 0.4963942307692308
0 0.27884615384615385 0.7584134615384616 0.43028846153846156 0.42908653846153844
0 0.5168269230769231 0.7848557692307693 0.13581730769230768 0.07211538461538461
0 0.6658653846153846 0.08533653846153846 0.13341346153846154 0.06370192307692307
0 0.6346153846153846 0.22596153846153846 0.2920673076923077 0.23197115384615385
0 0.7560096153846154 0.24519230769230768 0.125 0.15504807692307693
0 0.23677884615384615 0.2536057692307692 0.4375 0.4098557692307692
0 0.4963942307692308 0.29086538461538464 0.109375 0.2091346153846154
0 0.2824519230769231 0.30649038461538464 0.3485576923076923 0.2920673076923077
0 0.5637019230769231 0.39663461538461536 0.06850961538461539 0.21995192307692307
0 0.7403846153846154 0.43149038461538464 0.15625 0.109375
0 0.5925480769230769 0.5637019230769231 0.15985576923076922 0.07932692307692307
0 0.18269230769230768 0.5661057692307693 0.12860576923076922 0.10576923076923077
0 0.28846153846153844 0.6177884615384616 0.265625 0.2956730769230769