0 0.6237980769230769 0.8185096153846154 0.11899038461538461 0.18990384615384615
0 0.4543269230769231 0.11298076923076923 0.3173076923076923 0.10336538461538461
0 0.7475961538461539 0.21514423076923078 0.12740384615384615 0.12379807692307693
0 0.35336538461538464 0.22355769230769232 0.4543269230769231 0.3870192307692308
0 0.5901442307692307 0.23317307692307693 0.09735576923076923 0.17548076923076922
0 0.20673076923076922 0.2536057692307692 0.13341346153846154 0.07572115384615384
0 0.328125 0.30528846153846156 0.15985576923076922 0.14903846153846154
0 0.7788461538461539 0.3581730769230769 0.11538461538461539 0.20552884615384615
0 0.22716346153846154 0.4338942307692308 0.15985576923076922 0.07692307692307693
0 0.6538461538461539 0.4411057692307692 0.09495192307692307 0.16706730769230768
0 0.24759615384615385 0.5420673076923077 0.36778846153846156 0.234375
0 0.5913461538461539 0.5576923076923077 0.3233173076923077 0.3425480769230769
0 0.8245192307692307 0.6033653846153846 0.1875 0.6598557692307693
0 0.33413461538461536 0.6418269230769231 0.28725961538461536 0.25721153846153844