0 0.5649038461538461 0.7632211538461539 0.4338942307692308 0.41225961538461536
0 0.7463942307692307 0.18269230769230768 0.052884615384615384 0.05889423076923077
0 0.2920673076923077 0.20673076923076922 0.12740384615384615 0.18870192307692307
0 0.5216346153846154 0.27283653846153844 0.1622596153846154 0.07451923076923077
0 0.2764423076923077 0.33533653846153844 0.051682692307692304 0.056490384615384616
0 0.6394230769230769 0.37740384615384615 0.06971153846153846 0.1658653846153846
0 0.40384615384615385 0.39663461538461536 0.08052884615384616 0.078125
0 0.625 0.44591346153846156 0.03485576923076923 0.10817307692307693
0 0.39302884615384615 0.5288461538461539 0.30528846153846156 0.20432692307692307
0 0.15745192307692307 0.5576923076923077 0.22956730769230768 0.44471153846153844
0 0.6574519230769231 0.5612980769230769 0.109375 0.16706730769230768