0 0.5132211538461539 0.7235576923076923 0.3076923076923077 0.2127403846153846
0 0.4495192307692308 0.8245192307692307 0.14182692307692307 0.15985576923076922
0 0.4807692307692308 0.13701923076923078 0.09254807692307693 0.18389423076923078
0 0.39302884615384615 0.16826923076923078 0.06971153846153846 0.09735576923076923
0 0.328125 0.2512019230769231 0.1310096153846154 0.18990384615384615
0 0.7151442307692307 0.31850961538461536 0.16947115384615385 0.09495192307692307
0 0.5120192307692307 0.3269230769230769 0.28365384615384615 0.40384615384615385
0 0.23197115384615385 0.4723557692307692 0.15264423076923078 0.1502403846153846
0 0.5889423076923077 0.5132211538461539 0.13942307692307693 0.11899038461538461
0 0.6117788461538461 0.5769230769230769 0.47115384615384615 0.36778846153846156
0 0.3641826923076923 0.6334134615384616 0.06370192307692307 0.06490384615384616
0 0.1658653846153846 0.6850961538461539 0.0733173076923077 0.23076923076923078