0 0.2247596153846154 0.07451923076923077 0.12620192307692307 0.09495192307692307
0 0.5372596153846154 0.8137019230769231 0.09975961538461539 0.2127403846153846
0 0.4338942307692308 0.9050480769230769 0.04567307692307692 0.06490384615384616
0 0.40865384615384615 0.11298076923076923 0.07451923076923077 0.06370192307692307
0 0.6129807692307693 0.35697115384615385 0.04567307692307692 0.0673076923076923
0 0.22235576923076922 0.3701923076923077 0.3173076923076923 0.35216346153846156
0 0.1875 0.45072115384615385 0.13221153846153846 0.17908653846153846
0 0.5901442307692307 0.5252403846153846 0.08413461538461539 0.056490384615384616
0 0.28125 0.5625 0.17067307692307693 0.6550480769230769
0 0.4110576923076923 0.056490384615384616 0.3173076923076923 0.09615384615384616
0 0.6730769230769231 0.6658653846153846 0.08173076923076923 0.17548076923076922