0 0.6514423076923077 0.7043269230769231 0.125 0.19471153846153846
0 0.35216346153846156 0.7391826923076923 0.1310096153846154 0.13942307692307693
0 0.5288461538461539 0.8209134615384616 0.1045673076923077 0.19471153846153846
0 0.6598557692307693 0.8377403846153846 0.04807692307692308 0.06610576923076923
0 0.47596153846153844 0.22115384615384615 0.45913461538461536 0.359375
0 0.48677884615384615 0.2668269230769231 0.11538461538461539 0.20432692307692307
0 0.3918269230769231 0.2920673076923077 0.0733173076923077 0.0829326923076923
0 0.2956730769230769 0.3942307692307692 0.24639423076923078 0.3293269230769231
0 0.24639423076923078 0.5072115384615384 0.0985576923076923 0.14423076923076922
0 0.42908653846153844 0.5612980769230769 0.12740384615384615 0.12379807692307693
0 0.5793269230769231 0.6153846153846154 0.3473557692307692 0.2764423076923077
0 0.703125 0.6262019230769231 0.15144230769230768 0.13701923076923078