0 0.6694711538461539 0.7824519230769231 0.04807692307692308 0.0673076923076923
0 0.4855769230769231 0.10697115384615384 0.1310096153846154 0.19951923076923078
0 0.33413461538461536 0.17548076923076922 0.078125 0.0733173076923077
0 0.30528846153846156 0.21033653846153846 0.2692307692307692 0.30649038461538464
0 0.14182692307692307 0.2536057692307692 0.0625 0.06610576923076923
0 0.7007211538461539 0.35336538461538464 0.3762019230769231 0.19591346153846154
0 0.24879807692307693 0.5048076923076923 0.4879807692307692 0.27524038461538464
0 0.3737980769230769 0.5348557692307693 0.1201923076923077 0.15865384615384615
0 0.6947115384615384 0.5528846153846154 0.057692307692307696 0.10576923076923077
0 0.18990384615384615 0.6225961538461539 0.125 0.18990384615384615
0 0.5576923076923077 0.6538461538461539 0.07572115384615384 0.17548076923076922