0 0.7067307692307693 0.7223557692307693 0.16105769230769232 0.10216346153846154
0 0.26802884615384615 0.7716346153846154 0.17548076923076922 0.39302884615384615
0 0.47716346153846156 0.14302884615384615 0.36658653846153844 0.18028846153846154
0 0.25240384615384615 0.2247596153846154 0.11538461538461539 0.18870192307692307
0 0.39302884615384615 0.33774038461538464 0.08052884615384616 0.22115384615384615
0 0.6586538461538461 0.375 0.5024038461538461 0.09134615384615384
0 0.4014423076923077 0.5060096153846154 0.171875 0.08413461538461539
0 0.30649038461538464 0.054086538461538464 0.04807692307692308 0.06129807692307692
0 0.47475961538461536 0.5769230769230769 0.04927884615384615 0.17307692307692307
0 0.5697115384615384 0.5877403846153846 0.04927884615384615 0.10336538461538461
0 0.5360576923076923 0.6730769230769231 0.13341346153846154 0.11177884615384616