0 0.5420673076923077 0.6983173076923077 0.08413461538461539 0.17307692307692307
0 0.2692307692307692 0.7800480769230769 0.057692307692307696 0.0733173076923077
0 0.3786057692307692 0.8581730769230769 0.12860576923076922 0.20192307692307693
0 0.34615384615384615 0.1201923076923077 0.07932692307692307 0.07932692307692307
0 0.3858173076923077 0.140625 0.052884615384615384 0.17427884615384615
0 0.24639423076923078 0.23557692307692307 0.17067307692307693 0.11778846153846154
0 0.48677884615384615 0.2920673076923077 0.31009615384615385 0.21875
0 0.65625 0.5612980769230769 0.38822115384615385 0.10576923076923077
0 0.25240384615384615 0.5649038461538461 0.5024038461538461 0.20192307692307693
0 0.4110576923076923 0.6021634615384616 0.04807692307692308 0.07572115384615384
0 0.359375 0.6862980769230769 0.04567307692307692 0.1141826923076923