0 0.5096153846153846 0.7331730769230769 0.13822115384615385 0.12980769230769232
0 0.5 0.10817307692307693 0.15865384615384615 0.08774038461538461
0 0.19230769230769232 0.34615384615384615 0.08653846153846154 0.15865384615384615
0 0.27283653846153844 0.3485576923076923 0.15144230769230768 0.40865384615384615
0 0.21634615384615385 0.34975961538461536 0.08173076923076923 0.16947115384615385
0 0.640625 0.3545673076923077 0.3641826923076923 0.21153846153846154
0 0.4230769230769231 0.38461538461538464 0.16706730769230768 0.41346153846153844
0 0.3798076923076923 0.41346153846153844 0.07932692307692307 0.21875
0 0.6081730769230769 0.4639423076923077 0.15384615384615385 0.1466346153846154
0 0.7043269230769231 0.5084134615384616 0.11538461538461539 0.11538461538461539
0 0.703125 0.5721153846153846 0.40865384615384615 0.46634615384615385
0 0.48677884615384615 0.6069711538461539 0.12860576923076922 0.12379807692307693
0 0.734375 0.6850961538461539 0.18629807692307693 0.47475961538461536
0 0.45913461538461536 0.6923076923076923 0.47596153846153844 0.2956730769230769