0 0.43990384615384615 0.7247596153846154 0.1346153846153846 0.16466346153846154
0 0.41466346153846156 0.09014423076923077 0.040865384615384616 0.09735576923076923
0 0.5432692307692307 0.14302884615384615 0.06370192307692307 0.21153846153846154
0 0.8569711538461539 0.16947115384615385 0.10697115384615384 0.15865384615384615
0 0.3425480769230769 0.203125 0.2620192307692308 0.2980769230769231
0 0.1502403846153846 0.21514423076923078 0.04447115384615385 0.054086538461538464
0 0.7319711538461539 0.3557692307692308 0.5072115384615384 0.08653846153846154
0 0.22235576923076922 0.4855769230769231 0.35697115384615385 0.2644230769230769
0 0.36899038461538464 0.5192307692307693 0.12620192307692307 0.12980769230769232
0 0.7596153846153846 0.5204326923076923 0.11298076923076923 0.20192307692307693
0 0.5408653846153846 0.6033653846153846 0.125 0.11057692307692307
0 0.6514423076923077 0.6045673076923077 0.06971153846153846 0.20793269230769232