0 0.6706730769230769 0.7067307692307693 0.09735576923076923 0.17427884615384615
0 0.42427884615384615 0.7295673076923077 0.46033653846153844 0.34975961538461536
0 0.28365384615384615 0.8245192307692307 0.3161057692307692 0.1658653846153846
0 0.4411057692307692 0.9050480769230769 0.3701923076923077 0.17067307692307693
0 0.7091346153846154 0.25841346153846156 0.15264423076923078 0.13822115384615385
0 0.3581730769230769 0.30528846153846156 0.41346153846153844 0.44711538461538464
0 0.5564903846153846 0.4026442307692308 0.07692307692307693 0.5060096153846154
0 0.6418269230769231 0.41466346153846156 0.09975961538461539 0.21153846153846154
0 0.49399038461538464 0.44591346153846156 0.11298076923076923 0.14543269230769232
0 0.3245192307692308 0.5096153846153846 0.12740384615384615 0.140625
0 0.6670673076923077 0.5612980769230769 0.15264423076923078 0.11899038461538461
0 0.6069711538461539 0.5745192307692307 0.08653846153846154 0.13942307692307693
0 0.36177884615384615 0.6213942307692307 0.16947115384615385 0.0889423076923077
0 0.7067307692307693 0.6237980769230769 0.296875 0.23557692307692307