0 0.40024038461538464 0.7524038461538461 0.06490384615384616 0.2247596153846154
0 0.37740384615384615 0.078125 0.13581730769230768 0.06850961538461539
0 0.24158653846153846 0.09735576923076923 0.04567307692307692 0.10697115384615384
0 0.44591346153846156 0.19951923076923078 0.36177884615384615 0.2403846153846154
0 0.21754807692307693 0.20072115384615385 0.12620192307692307 0.12620192307692307
0 0.5192307692307693 0.35336538461538464 0.140625 0.16826923076923078
0 0.3894230769230769 0.3581730769230769 0.055288461538461536 0.06009615384615385
0 0.35096153846153844 0.3894230769230769 0.08052884615384616 0.056490384615384616
0 0.5348557692307693 0.41466346153846156 0.051682692307692304 0.06129807692307692
0 0.6454326923076923 0.47836538461538464 0.30408653846153844 0.20673076923076922
0 0.3137019230769231 0.5709134615384616 0.49038461538461536 0.27163461538461536