0 0.8401442307692307 0.7067307692307693 0.078125 0.23197115384615385
0 0.5204326923076923 0.7824519230769231 0.054086538461538464 0.11899038461538461
0 0.5769230769230769 0.33774038461538464 0.234375 0.3557692307692308
0 0.8629807692307693 0.5240384615384616 0.18028846153846154 0.49399038461538464
0 0.6189903846153846 0.5300480769230769 0.04326923076923077 0.06971153846153846
0 0.4831730769230769 0.5685096153846154 0.3161057692307692 0.5901442307692307
0 0.6875 0.5721153846153846 0.052884615384615384 0.1658653846153846
0 0.5625 0.5793269230769231 0.054086538461538464 0.12139423076923077
0 0.3161057692307692 0.6081730769230769 0.10576923076923077 0.2127403846153846
0 0.4338942307692308 0.6274038461538461 0.057692307692307696 0.07451923076923077
0 0.6454326923076923 0.6394230769230769 0.09014423076923077 0.1658653846153846