0 0.44711538461538464 0.7752403846153846 0.18629807692307693 0.3786057692307692
0 0.6430288461538461 0.8064903846153846 0.46274038461538464 0.3161057692307692
0 0.35697115384615385 0.24639423076923078 0.08653846153846154 0.17067307692307693
0 0.7079326923076923 0.2956730769230769 0.12620192307692307 0.18269230769230768
0 0.24519230769230768 0.33774038461538464 0.08533653846153846 0.04326923076923077
0 0.7415865384615384 0.35697115384615385 0.13341346153846154 0.10576923076923077
0 0.6778846153846154 0.43149038461538464 0.3713942307692308 0.0889423076923077
0 0.35216346153846156 0.44350961538461536 0.06009615384615385 0.21514423076923078
0 0.5985576923076923 0.5564903846153846 0.09254807692307693 0.15865384615384615
0 0.23317307692307693 0.6069711538461539 0.11298076923076923 0.2091346153846154
0 0.47115384615384615 0.6201923076923077 0.056490384615384616 0.04807692307692308
0 0.8269230769230769 0.6730769230769231 0.11778846153846154 0.19951923076923078