0 0.8245192307692307 0.7115384615384616 0.13701923076923078 0.18629807692307693
0 0.48677884615384615 0.7247596153846154 0.32211538461538464 0.1045673076923077
0 0.5985576923076923 0.7391826923076923 0.5036057692307693 0.17668269230769232
0 0.3786057692307692 0.7932692307692307 0.13341346153846154 0.1045673076923077
0 0.41466346153846156 0.13701923076923078 0.09254807692307693 0.056490384615384616
0 0.7055288461538461 0.20432692307692307 0.11899038461538461 0.15504807692307693
0 0.5817307692307693 0.2644230769230769 0.1045673076923077 0.20192307692307693
0 0.32572115384615385 0.3641826923076923 0.09615384615384616 0.21754807692307693
0 0.27163461538461536 0.41586538461538464 0.10336538461538461 0.22235576923076922
0 0.6850961538461539 0.49038461538461536 0.3798076923076923 0.10216346153846154
0 0.6141826923076923 0.53125 0.11298076923076923 0.09375
0 0.3425480769230769 0.5877403846153846 0.04567307692307692 0.06610576923076923