0 0.47836538461538464 0.7307692307692307 0.328125 0.08653846153846154
0 0.15865384615384615 0.7752403846153846 0.12139423076923077 0.16346153846153846
0 0.38822115384615385 0.07932692307692307 0.5096153846153846 0.0889423076923077
0 0.24278846153846154 0.9194711538461539 0.0889423076923077 0.056490384615384616
0 0.22115384615384615 0.24519230769230768 0.055288461538461536 0.171875
0 0.44591346153846156 0.29927884615384615 0.07091346153846154 0.22115384615384615
0 0.29086538461538464 0.4338942307692308 0.16466346153846154 0.1201923076923077
0 0.39783653846153844 0.4855769230769231 0.07451923076923077 0.08173076923076923
0 0.2668269230769231 0.5733173076923077 0.055288461538461536 0.0733173076923077
0 0.07572115384615384 0.5853365384615384 0.057692307692307696 0.055288461538461536
0 0.20793269230769232 0.6177884615384616 0.29927884615384615 0.37740384615384615