0 0.4723557692307692 0.7355769230769231 0.07211538461538461 0.17307692307692307
0 0.4567307692307692 0.765625 0.109375 0.4230769230769231
0 0.5709134615384616 0.7716346153846154 0.16826923076923078 0.078125
0 0.5661057692307693 0.8317307692307693 0.16706730769230768 0.1346153846153846
0 0.7896634615384616 0.16947115384615385 0.2536057692307692 0.31971153846153844
0 0.3942307692307692 0.2668269230769231 0.12139423076923077 0.5072115384615384
0 0.7223557692307693 0.2932692307692308 0.15625 0.1658653846153846
0 0.7115384615384616 0.3389423076923077 0.46875 0.34375
0 0.44711538461538464 0.3389423076923077 0.49759615384615385 0.25240384615384615
0 0.5721153846153846 0.5 0.13581730769230768 0.09134615384615384
0 0.5384615384615384 0.5745192307692307 0.16105769230769232 0.08173076923076923
0 0.7980769230769231 0.5901442307692307 0.125 0.1466346153846154
0 0.6923076923076923 0.6009615384615384 0.11899038461538461 0.5036057692307693
0 0.3894230769230769 0.6346153846153846 0.0889423076923077 0.1778846153846154