0 0.19471153846153846 0.21995192307692307 0.140625 0.18509615384615385
0 0.5793269230769231 0.2439903846153846 0.34375 0.296875
0 0.5240384615384616 0.27163461538461536 0.421875 0.44711538461538464
0 0.30528846153846156 0.39663461538461536 0.16346153846153846 0.4050480769230769
0 0.40024038461538464 0.41586538461538464 0.09375 0.16706730769230768
0 0.7199519230769231 0.43028846153846156 0.296875 0.38100961538461536
0 0.30528846153846156 0.47475961538461536 0.0733173076923077 0.16466346153846154
0 0.5685096153846154 0.49038461538461536 0.09495192307692307 0.20552884615384615
0 0.6706730769230769 0.5372596153846154 0.14903846153846154 0.13221153846153846
0 0.48197115384615385 0.5384615384615384 0.16105769230769232 0.10697115384615384
0 0.27283653846153844 0.546875 0.13822115384615385 0.125
0 0.7163461538461539 0.6514423076923077 0.31971153846153844 0.09495192307692307
0 0.5132211538461539 0.6646634615384616 0.36778846153846156 0.5180288461538461