0 0.3557692307692308 0.7920673076923077 0.30408653846153844 0.3762019230769231
0 0.36538461538461536 0.12980769230769232 0.08173076923076923 0.04447115384615385
0 0.3737980769230769 0.18389423076923078 0.08653846153846154 0.15865384615384615
0 0.5985576923076923 0.18870192307692307 0.28846153846153844 0.24278846153846154
0 0.3545673076923077 0.3701923076923077 0.055288461538461536 0.0673076923076923
0 0.13822115384615385 0.38221153846153844 0.1622596153846154 0.0985576923076923
0 0.8088942307692307 0.4026442307692308 0.10216346153846154 0.17067307692307693
0 0.2283653846153846 0.40625 0.06610576923076923 0.09975961538461539
0 0.5036057692307693 0.49038461538461536 0.4519230769230769 0.3737980769230769
0 0.6646634615384616 0.5829326923076923 0.078125 0.21995192307692307
0 0.6262019230769231 0.5961538461538461 0.040865384615384616 0.07091346153846154