0 0.49038461538461536 0.765625 0.10096153846153846 0.17307692307692307
0 0.6766826923076923 0.7680288461538461 0.13701923076923078 0.16346153846153846
0 0.5084134615384616 0.21634615384615385 0.12620192307692307 0.14903846153846154
0 0.5733173076923077 0.27403846153846156 0.22596153846153846 0.3557692307692308
0 0.43149038461538464 0.3269230769230769 0.07451923076923077 0.203125
0 0.3137019230769231 0.3485576923076923 0.12139423076923077 0.18990384615384615
0 0.3894230769230769 0.359375 0.4182692307692308 0.4651442307692308
0 0.5384615384615384 0.38341346153846156 0.1201923076923077 0.1201923076923077
0 0.7884615384615384 0.4182692307692308 0.21754807692307693 0.4543269230769231
0 0.3088942307692308 0.4519230769230769 0.09495192307692307 0.21153846153846154
0 0.4014423076923077 0.5360576923076923 0.3701923076923077 0.1935096153846154
0 0.6742788461538461 0.5925480769230769 0.1466346153846154 0.6766826923076923
0 0.7295673076923077 0.6754807692307693 0.28966346153846156 0.2512019230769231
0 0.3858173076923077 0.6899038461538461 0.1346153846153846 0.07091346153846154