0 0.671875 0.7271634615384616 0.10576923076923077 0.12740384615384615
0 0.2932692307692308 0.7692307692307693 0.3161057692307692 0.3557692307692308
0 0.6141826923076923 0.7848557692307693 0.11298076923076923 0.20192307692307693
0 0.6069711538461539 0.22716346153846154 0.040865384615384616 0.10817307692307693
0 0.33653846153846156 0.24639423076923078 0.1466346153846154 0.14903846153846154
0 0.6875 0.2776442307692308 0.1201923076923077 0.19230769230769232
0 0.6045673076923077 0.3076923076923077 0.057692307692307696 0.05889423076923077
0 0.8233173076923077 0.31850961538461536 0.10576923076923077 0.17307692307692307
0 0.10697115384615384 0.375 0.06129807692307692 0.2247596153846154
0 0.4423076923076923 0.390625 0.12860576923076922 0.4170673076923077
0 0.453125 0.5384615384615384 0.11899038461538461 0.6706730769230769
0 0.5444711538461539 0.5949519230769231 0.08533653846153846 0.1778846153846154