0 0.46153846153846156 0.7536057692307693 0.04326923076923077 0.056490384615384616
0 0.3605769230769231 0.13701923076923078 0.09495192307692307 0.16947115384615385
0 0.6057692307692307 0.18389423076923078 0.11057692307692307 0.17307692307692307
0 0.1814903846153846 0.19110576923076922 0.07692307692307693 0.21153846153846154
0 0.6923076923076923 0.33052884615384615 0.15264423076923078 0.13701923076923078
0 0.6274038461538461 0.3557692307692308 0.12860576923076922 0.08774038461538461
0 0.25961538461538464 0.44711538461538464 0.36538461538461536 0.2247596153846154
0 0.10096153846153846 0.5300480769230769 0.05048076923076923 0.10336538461538461
0 0.7608173076923077 0.5793269230769231 0.2920673076923077 0.24519230769230768
0 0.5709134615384616 0.5805288461538461 0.3942307692307692 0.4807692307692308
0 0.5180288461538461 0.6526442307692307 0.13221153846153846 0.18389423076923078
0 0.36778846153846156 0.6742788461538461 0.06370192307692307 0.2127403846153846